1073741824S
0 0
1348 1
-1348 -1
1498 1
-1498 -1
2749 1
-2749 -1
87762 1
-87762 -1
141213 1
-141213 -1
90799 1
-90799 -1
118750 1
-118750 -1
149061 1
-149061 -1
89979 1
-89979 -1
97949 1
-97949 -1
16189 1
-16189 -1
1966 1
-1966 -1
2669 1
-2669 -1
262256 1
1344 1
-263600 -2
1912 1
-1912 -1
1533 1
-1533 -1
1681 1
-1681 -1
14208 1
-14208 -1
1462 1
-1462 -1
1631 1
-1631 -1
26676 1
-26676 -1
1856 1
-1856 -1
4900 1
-4900 -1
2616 1
-2616 -1
1395 1
-1395 -1
5051 1
-5051 -1
1548 1
-1548 -1
1870 1
-1870 -1
6068 1
-6068 -1
1464 1
-1464 -1
1288 1
-1288 -1
1560 1
-1560 -1
1552 1
-1552 -1
6824 1
-6824 -1
8990 1
-8990 -1
28636 1
-28636 -1
1374 1
-1374 -1
2675 1
-2675 -1
1460 1
1460 1
-2920 -2
1326 1
1384 1
-2710 -2
77832 1
-77832 -1
12441 1
-12441 -1
11178 1
2563840 1
2571532 1
-5146550 -3
6280 1
-6280 -1
12700 1
-12700 -1
43910 1
-43910 -1
15713 1
-15713 -1
21210 1
-21210 -1
17573 1
-17573 -1
9059 1
-9059 -1
8771 1
14214 1
-22985 -2
9128 1
-9128 -1
23673 1
-23673 -1
5071872 1
-5071872 -1
34721 1
-34721 -1
29934 1
-29934 -1
33643 1
-33643 -1
69958 1
-69958 -1
35609 1
-35609 -1
116427 1
-116427 -1
116385 1
-116385 -1
229966 1
-229966 -1
182300 1
-182300 -1
6078 1
-6078 -1
93648 1
-93648 -1
31712 1
-31712 -1
32585 1
-32585 -1
133299 1
134104 1
130764 1
-398167 -3
24147 1
-24147 -1
42510 1
-42510 -1
42226 1
-42226 -1
70491 1
-70491 -1
44650 1
-44650 -1
36162 1
-36162 -1
12425 1
12090 1
13255 1
-37770 -3
12884 1
12961 1
12723 1
-38568 -3
65061 1
-65061 -1
2541064 1
-2541064 -1
94868 1
89558 1
-184426 -2
45018 1
-45018 -1
65171 1
-65171 -1
558433 1
-558433 -1
130921 1
114128 1
-245049 -2
64759 1
-64759 -1
35216 1
-35216 -1
160614 1
130205 1
186538 1
-477357 -3
165752 1
-165752 -1
147475 1
-147475 -1
88586 1
-88586 -1
45046 1
-45046 -1
206211 1
162898 1
-369109 -2
68687 1
-68687 -1
1089642 1
-1089642 -1
1443484 1
-1443484 -1
68696 1
258190 1
-326886 -2
196279 1
281259 1
-477538 -2
19724 1
209191 1
-228915 -2
304959 1
-304959 -1
44907 1
32354 1
-77261 -2
68503 1
-68503 -1
76525 1
-76525 -1
12381 1
-12381 -1
65052 1
23000 1
-88052 -2
72000 1
-72000 -1
34259 1
-34259 -1
11667 1
-11667 -1
20302 1
-20302 -1
224260 1
225992 1
-450252 -2
64987 1
-64987 -1
68316 1
-68316 -1
28461 1
-28461 -1
256260 1
-256260 -1
68234 1
-68234 -1
288372 1
-288372 -1
44897 1
-44897 -1
45537 1
-45537 -1
68537 1
-68537 -1
71466 1
-71466 -1
35180 1
-35180 -1
5585 1
-5585 -1
6390 1
-6390 -1
34094 1
-34094 -1
64357 1
-64357 -1
44892 1
-44892 -1
68438 1
-68438 -1
33841 1
-33841 -1
72250 1
-72250 -1
33671 1
-33671 -1
77949 1
-77949 -1
11089 1
-11089 -1
64376 1
-64376 -1
35088 1
-35088 -1
64815 1
-64815 -1
64770 1
-64770 -1
35090 1
-35090 -1
68352 1
-68352 -1
17008 1
-17008 -1
68015 1
-68015 -1
32837 1
-32837 -1
64165 1
-64165 -1
68946 1
-68946 -1
39553 1
-39553 -1
64755 1
-64755 -1
87319 1
-87319 -1
68362 1
-68362 -1
35424 1
-35424 -1
68533 1
-68533 -1
36859 1
-36859 -1
68264 1
-68264 -1
32663 1
-32663 -1
34698 1
-34698 -1
68831 1
-68831 -1
133048 1
-133048 -1
64888 1
-64888 -1
3559277 1
-3559277 -1
72535 1
-72535 -1
36462 1
-36462 -1
67926 1
-67926 -1
12510 1
-12510 -1
64714 1
-64714 -1
85016 1
-85016 -1
88429 1
-88429 -1
64834 1
-64834 -1
65050 1
-65050 -1
36166 1
-36166 -1
68035 1
-68035 -1
7444 1
-7444 -1
687082 1
-687082 -1
64123 1
-64123 -1
63976 1
-63976 -1
4918 1
33513 1
-38431 -2
102642 1
-102642 -1
4957 1
-4957 -1
2420375 1
-2420375 -1
67349 1
-67349 -1
82737 1
-82737 -1
4124 1
-4124 -1
3424 1
-3424 -1
